$ANSIBLE_VAULT;1.1;AES256
38633034633938663832666237383139333763363361333766356535393438646666333563633635
3864666237623963393533343664653161303064326639300a393237313433343635363436383065
39616236623839343130653637663061306433313736626431306332326466376637316234623237
3065653137396462640a663331333865333061366439633231643239303334316235633164636162
61343338323162363435353661316664616536373732383233653539623832623236653930333064
64336138323031656136303334636136616366313664373532663536343333306139663362346262
32616630373238383839323838646634366339333463313361346364343533313961633934643935
61643138643337633739613766326431333835323333393636346461616263643363613632386363
34646438636235646435353238613233663361616337376361393161333837393463383766656462
65613430383665623939353835313030356461626539653635663666303163366463333361333564
64346432306264326331653630626333383966663565346631393765343436613065666266326533
34666435386136373735613061613664623161633265343462626136363936353336623634643839
66643561656338353032643362633838616137613038613133323463333635363933386433613434
38396663646338613830613565383137343762643164333165373431343061666639383331393233
61613165366464393638353461646139373039323461306161316232626436343033663137623935
61376363316230633539366166326533363038323334383039653630363133623334656261303935
62383033373534326361646430366661373063643866313634663963313166363966376166343134
31343964323465326263353733316332383163323835376462653263633862353562316139613236
62303837643532333334396432623532633863373566383734303063643562396436653762313635
33333961333661386366373364366234333834353239346366333034646663316664363833643664
66343862636632313661626636343065646636343263383738323863393135663532383030353932
61633466643930663732343637303663393764643635626236353633316566643836643332356237
34646561313431353733366438646135356231313166373033356435323932343732633531373036
39353065626337653266323836663436336135666132363237363464393939303036656466306366
38643232623465353561666632663537396665383133326436393831356166366264383336613964
31393032633762303062336365343633663138613161326632343338653335343961646265343265
66316361663532333138323062336363306161373834333863383730663561366530393338396130
31336432626334366131613332363564613033636366376539343539323335646662343839316435
33363733363337383163373436306535616364363061663331623438393939666637356361646162
61646632323561346362626166356633633662616636316533343561393238393139323834616331
64626663363264653463353366386236303863376664316333613765393961376266653837353866
30356530653738656465323063656362636236356461633939303666353238383039633034353065
62633562343561623265396235366462373235663337636630336439396161326337656265306238
62363763386435383232646634396132633165366232366662616262323039333034623766323766
63353863336335346333633839316139353030366633653734313530303533616539363230386438
35393563626566396539366361653339303661353935306263353634393931653462343765623337
35373639343763336231616466666137373064643862333362663466333066613139623564386464
39343139373030613961396138363834353133666366393133633235313466353830306235643639
37656433656338333863623136386361383664326433323933666439623635613164393031316535
65373139613632303138316562313739336665333932383462303563333734623533323266383962
36643832313335353964343133626261363535356563346534636430393063363338623239303530
66653632663365353465383439373238623330333836633432343462356566616236356137313565
38396562643564356163353437616633646638333761343636663230613962643932393462656463
35623436356565636534313834346633356237663466666338633962383731386539616237353036
64613433393866623766313933303763396163623032626635666166383265333236346430353439
32636462326561336362346334633762393837306538623537376166336539626466386531656565
37656234336334303034623838643437613435663562333365643362666461373366366434303562
35626265383539613130663063613836323834633761313266323437396133663334336439666463
61326438326162663932396662393666333363653366363035383434326432326432666439393438
62663631663764326334653637643038393861393962373462613639643038303766623936323463
33653563303235373032663066393733396232393361653765393136623533613031373636363936
61343732623133653566346138383133376663643162363061653632343737653865623166373933
38333533613132653461663763363866616637656364623731613064356433623933393939323362
35646366383066643865663733616664636661383439653962303962353431643161633936633765
33306565326130353238653432653039653035626634363166313537323034373861313235653561
37613539383639396137356637396164363934383830386234323235376562316233623037363565
66663665663636633561653930383535336662653462363764333439316366353035346263333265
65383731633133306233386334376535353838666362306339366565636464393435643063343532
62666239663437626231356436376433386431623862356662643365363332656439666661643738
62333938313538363564643032366561616264353138396364646365353865366337336130353766
39623866633766363066336339633336373438356338353935303539383239666532643533366561
39313732373562396561326463636135343233646161313261643066353933356639643535333532
39386239663234383233303063346338323461643630306134633932396133363234393434613431
34386165613162316138653065393233663934313166376538303334653131326166346261323336
38386265333935623539653962643038646130376664636464656662396663386439383061653138
36323731623535363262666531613363643332666539623162346437343762633262303437323566
35613032333239323664663736633533613661663966326166623230653232386461383535306163
66633066363936633333663332643530366233353533313636353962376661343134633135623834
30353138616530336439663464623839323635633733303633373463346535613239633930633964
63636261383161656539333463646638613635323932366661383534366531393532373332363065
336333383939613730323062376631333435
